+---------+-----------+----------+---------------+----------------------+
|   index |   nEvents |   nMuons |   sum(weight) |   sum(weight*nMuons) |
+=========+===========+==========+===============+======================+
|       0 |  13450391 | 16533515 |   5.61692e+08 |          5.88563e+08 |
+---------+-----------+----------+---------------+----------------------+
|       1 |   6240925 |  7672242 |   2.61092e+08 |          2.73527e+08 |
+---------+-----------+----------+---------------+----------------------+
|       2 |   6238126 |  7668933 |   2.60585e+08 |          2.73079e+08 |
+---------+-----------+----------+---------------+----------------------+
|       3 |   6239983 |  7670162 |   2.60428e+08 |          2.72867e+08 |
+---------+-----------+----------+---------------+----------------------+
|       4 |   6237671 |  7668003 |   2.60115e+08 |          2.72536e+08 |
+---------+-----------+----------+---------------+----------------------+
|       5 |   6238535 |  7671135 |   2.59388e+08 |          2.71801e+08 |
+---------+-----------+----------+---------------+----------------------+
|       6 |   6242602 |  7671829 |   2.6126e+08  |          2.73723e+08 |
+---------+-----------+----------+---------------+----------------------+
|       7 |   6246430 |  7679508 |   2.60627e+08 |          2.73051e+08 |
+---------+-----------+----------+---------------+----------------------+
|       8 |   6239151 |  7670894 |   2.60702e+08 |          2.73157e+08 |
+---------+-----------+----------+---------------+----------------------+
|       9 |   6239653 |  7671218 |   2.60171e+08 |          2.72555e+08 |
+---------+-----------+----------+---------------+----------------------+
|      10 |   6237695 |  7667759 |   2.60336e+08 |          2.72792e+08 |
+---------+-----------+----------+---------------+----------------------+
|      11 |   6238705 |  7668432 |   2.60493e+08 |          2.72948e+08 |
+---------+-----------+----------+---------------+----------------------+
|      12 |   6239670 |  7669801 |   2.60724e+08 |          2.73184e+08 |
+---------+-----------+----------+---------------+----------------------+
|      13 |   6244139 |  7676333 |   2.61121e+08 |          2.73581e+08 |
+---------+-----------+----------+---------------+----------------------+
|      14 |   6239735 |  7669910 |   2.59952e+08 |          2.72365e+08 |
+---------+-----------+----------+---------------+----------------------+
|      15 |   6245846 |  7678941 |   2.60452e+08 |          2.72952e+08 |
+---------+-----------+----------+---------------+----------------------+
|      16 |   6242698 |  7672437 |   2.60538e+08 |          2.72979e+08 |
+---------+-----------+----------+---------------+----------------------+
|      17 |   6243827 |  7674984 |   2.60665e+08 |          2.73198e+08 |
+---------+-----------+----------+---------------+----------------------+
|      18 |   6242505 |  7672406 |   2.60945e+08 |          2.73361e+08 |
+---------+-----------+----------+---------------+----------------------+
|      19 |   6234737 |  7663534 |   2.5933e+08  |          2.71751e+08 |
+---------+-----------+----------+---------------+----------------------+
|      20 |   6238057 |  7667435 |   2.60744e+08 |          2.73154e+08 |
+---------+-----------+----------+---------------+----------------------+
|      21 |   6236055 |  7666324 |   2.60151e+08 |          2.7264e+08  |
+---------+-----------+----------+---------------+----------------------+
|      22 |   2110646 |  2594506 |   8.77825e+07 |          9.19638e+07 |
+---------+-----------+----------+---------------+----------------------+
|      23 |   6234706 |  7663201 |   2.59965e+08 |          2.72369e+08 |
+---------+-----------+----------+---------------+----------------------+
|      24 |   6238708 |  7667208 |   2.59915e+08 |          2.72386e+08 |
+---------+-----------+----------+---------------+----------------------+
|      25 |   6236993 |  7667022 |   2.60304e+08 |          2.72785e+08 |
+---------+-----------+----------+---------------+----------------------+
|      26 |   6241631 |  7672161 |   2.60158e+08 |          2.72608e+08 |
+---------+-----------+----------+---------------+----------------------+
|      27 |   6238416 |  7669975 |   2.60001e+08 |          2.72417e+08 |
+---------+-----------+----------+---------------+----------------------+
|      28 |   6234302 |  7662749 |   2.59858e+08 |          2.72266e+08 |
+---------+-----------+----------+---------------+----------------------+
|      29 |   6237372 |  7667862 |   2.60347e+08 |          2.72746e+08 |
+---------+-----------+----------+---------------+----------------------+
|      30 |   6238488 |  7667009 |   2.59984e+08 |          2.72437e+08 |
+---------+-----------+----------+---------------+----------------------+
|      31 |   6238463 |  7668595 |   2.61044e+08 |          2.73427e+08 |
+---------+-----------+----------+---------------+----------------------+
|      32 |   3881168 |  4770221 |   1.61985e+08 |          1.69707e+08 |
+---------+-----------+----------+---------------+----------------------+
|      33 |   6240302 |  7671411 |   2.60257e+08 |          2.72732e+08 |
+---------+-----------+----------+---------------+----------------------+
|      34 |   6241933 |  7672183 |   2.6117e+08  |          2.73604e+08 |
+---------+-----------+----------+---------------+----------------------+
|      35 |   6238593 |  7668616 |   2.60509e+08 |          2.72942e+08 |
+---------+-----------+----------+---------------+----------------------+
|      36 |   6239944 |  7671049 |   2.61004e+08 |          2.73457e+08 |
+---------+-----------+----------+---------------+----------------------+
|      37 |   6238285 |  7665845 |   2.60342e+08 |          2.72767e+08 |
+---------+-----------+----------+---------------+----------------------+
|      38 |   6239812 |  7670737 |   2.60613e+08 |          2.7309e+08  |
+---------+-----------+----------+---------------+----------------------+
|      39 |   6244654 |  7677859 |   2.61463e+08 |          2.7396e+08  |
+---------+-----------+----------+---------------+----------------------+
|      40 |   6237918 |  7667830 |   2.60327e+08 |          2.72755e+08 |
+---------+-----------+----------+---------------+----------------------+
|      41 |   6240065 |  7668361 |   2.60308e+08 |          2.72603e+08 |
+---------+-----------+----------+---------------+----------------------+
|      42 |   6242558 |  7672520 |   2.60656e+08 |          2.73052e+08 |
+---------+-----------+----------+---------------+----------------------+
|      43 |   6239453 |  7668659 |   2.60151e+08 |          2.72589e+08 |
+---------+-----------+----------+---------------+----------------------+
|      44 |   2793980 |  3433268 |   1.16921e+08 |          1.22495e+08 |
+---------+-----------+----------+---------------+----------------------+
|      45 |   6238019 |  7667555 |   2.60538e+08 |          2.72962e+08 |
+---------+-----------+----------+---------------+----------------------+
|      46 |   6240834 |  7671337 |   2.60721e+08 |          2.73169e+08 |
+---------+-----------+----------+---------------+----------------------+
|      47 |   6236843 |  7666847 |   2.6022e+08  |          2.72672e+08 |
+---------+-----------+----------+---------------+----------------------+
|      48 |   6238654 |  7669204 |   2.60249e+08 |          2.72662e+08 |
+---------+-----------+----------+---------------+----------------------+
|      49 |   6238063 |  7668831 |   2.60312e+08 |          2.72795e+08 |
+---------+-----------+----------+---------------+----------------------+
|      50 |   5520395 |  6785615 |   2.30141e+08 |          2.41139e+08 |
+---------+-----------+----------+---------------+----------------------+
|      51 |   6242407 |  7671425 |   2.60892e+08 |          2.7335e+08  |
+---------+-----------+----------+---------------+----------------------+
|      52 |   6243558 |  7676019 |   2.59968e+08 |          2.72439e+08 |
+---------+-----------+----------+---------------+----------------------+
|      53 |   6237809 |  7665813 |   2.60956e+08 |          2.73402e+08 |
+---------+-----------+----------+---------------+----------------------+
|      54 |   6240632 |  7669366 |   2.60515e+08 |          2.72915e+08 |
+---------+-----------+----------+---------------+----------------------+
|      55 |   6240257 |  7669490 |   2.6043e+08  |          2.72872e+08 |
+---------+-----------+----------+---------------+----------------------+
|      56 |   6239181 |  7671978 |   2.60167e+08 |          2.72667e+08 |
+---------+-----------+----------+---------------+----------------------+
|      57 |   6240829 |  7672164 |   2.60695e+08 |          2.73164e+08 |
+---------+-----------+----------+---------------+----------------------+
|      58 |   6235854 |  7664358 |   2.60668e+08 |          2.73107e+08 |
+---------+-----------+----------+---------------+----------------------+
|      59 |   6235770 |  7664850 |   2.6046e+08  |          2.72906e+08 |
+---------+-----------+----------+---------------+----------------------+
|      60 |   6239611 |  7667660 |   2.60419e+08 |          2.72796e+08 |
+---------+-----------+----------+---------------+----------------------+
|      61 |   6236622 |  7666790 |   2.60042e+08 |          2.72462e+08 |
+---------+-----------+----------+---------------+----------------------+
|      62 |   3702269 |  4551841 |   1.54904e+08 |          1.62329e+08 |
+---------+-----------+----------+---------------+----------------------+
|      63 |   6242811 |  7674035 |   2.61108e+08 |          2.73589e+08 |
+---------+-----------+----------+---------------+----------------------+
|      64 |   6239932 |  7671170 |   2.60789e+08 |          2.73206e+08 |
+---------+-----------+----------+---------------+----------------------+
|      65 |   6239301 |  7669466 |   2.59954e+08 |          2.72379e+08 |
+---------+-----------+----------+---------------+----------------------+
|      66 |   6112412 |  7513604 |   2.55622e+08 |          2.67855e+08 |
+---------+-----------+----------+---------------+----------------------+
